                                                                                          MID-DAY PEAK HOUR
                                                                                          SEMINARY AVE & BANCROFT AVE
                         Seminary from North                                           Bancoft from East                                      Seminary from South                                            Bancroft from West
                                                              App                                                        App                                                        App                                                        App
Start Time      Right       Thru        Left        Ped       Total        Right       Thru        Left        Ped       Total        Right       Thru        Left        Ped       Total        Right       Thru        Left        Ped       Total        Peak
   11:00 AM             7          45           8         0           60           0          58           5         0           63           9          40           3         0           52           0          35           6         0           41
   11:15 AM             7          65           5         0           77           4          54          10         0           68           8          46           2         0           56           6          35           2         0           43
   11:30 AM             7          52           3         0           62           1          62          10         0           73           6          39           3         0           49       41             41           3         0           44
   11:45 AM             7          41           4         0           52           1          60           9         0           70           4          48           7         0           59           1          39           8         0           48
        Total       28         203             20         0      251               6      234             34         0        274         27           173           15         0      216           48         150             19         0      176         643


   11:15 AM             7          65           5         0           77           4          54          10         0           68           8          46           2         0           56           6          35           2         0           43
   11:30 AM             7          52           3         0           62           1          62          10         0           73           6          39           3         0           49       41             41           3         0           44
   11:45 AM             7          41           4         0           52           1          60           9         0           70           4          48           7         0           59           1          39           8         0           48
   12:00 PM             6          60           6         0           72           2          41           7         0           50       18             52           5         0           75           2          62          11         0           75
        Total       27         218             18         0      263               8      217             36         0        261         36           185           17         0      239           50         177             24         0      210         712


   11:30 AM             7          52           3         0           62           1          62          10         0           73           6          39           3         0           49       41             41           3         0           44
   11:45 AM             7          41           4         0           52           1          60           9         0           70           4          48           7         0           59           1          39           8         0           48
   12:00 PM             6          60           6         0           72           2          41           7         0           50       18             52           5         0           75           2          62          11         0           75
   12:15 PM             5          55           4         0           64           1          66           9         0           76           8          52           3         0           63           3          60           3         0           66
        Total       25         208             17         0      250               5      229             35         0        269         36           191           18         0      246           47         202             25         0      233         729


   11:45 AM             7          41           4         0           52           1          60           9         0           70           4          48           7         0           59           1          39           8         0           48
   12:00 PM             6          60           6         0           72           2          41           7         0           50       18             52           5         0           75           2          62          11         0           75
   12:15 PM             5          55           4         0           64           1          66           9         0           76           8          52           3         0           63           3          60           3         0           66
   12:30 PM             7          46           4         0       57               1          80          10         0           91           9          59           8         0           76           3          64           5         0           72
        Total       25         202             18         0      245               5      247             35         0        287         39           211           23         0      273               9      225             27         0      261         779


   12:00 PM             6          60           6         0           72           2          41           7         0           50       18             52           5         0           75           2          62          11         0           75
   12:15 PM             5          55           4         0           64           1          66           9         0           76           8          52           3         0           63           3          60           3         0           66
   12:30 PM             7          46           4         0       57               1          80          10         0           91           9          59           8         0           76           3          64           5         0           72
   12:45 PM         12             57           4         0       73               1          51           3         0           55       18             62           4         0           84           5          66           8         0           79
        Total       30         218             18         0      266               5      238             29         0        272         53           225           20         0      298           13         252             27         0      292         856


MID-DAY PEAK HOUR: 12:00-1:00
INTERSECTION            N/S SEMINARY AVE.
                    E/W BANCROFT AVE
DATE:              Tuesday, June 12th, 2007
Counted by sokari Frank
Prepared by sokari Frank
                                                                                          30          218                18

                                                                                                                                              BANCROFT AVE.

                                                                 27                                                                               5
                                                                252                                                                               238

                                                                  13                                                                              29


                                                                                          20          225                53


                                                                                               SEMINARY AVE.
