                                                                                               AM PEAK HOUR
                                                                                           SEMINARY AVE & BANCROFT AVE
                             Seminary from North                                Bancoft from East                                   Seminary from South                                      Bancroft from West
                                                           App                                                App                                                     App                                                     App
Start Time       Right       Thru    Left        Ped       Total    Right       Thru    Left        Ped       Total     Right       Thru        Left        Ped       Total    Right        Thru        Left        Ped       Total        Peak
     7:00 AM             4      37          0          0       41           1      24           4         0        29           5          53          1          0       59           0           11          10         0           21
     7:15 AM             6      47          1          0       54           0      48           3         0        51           3          58          4          0       65           1           25          8          0           34
     7:30 AM             2      61          3          0       66           0      43           2         0        45           7          60          4          0       71           1           35          12         0           48
     7:45 AM             2      62          2          0       66           0      49           8         0        57           6          72          3          0       81           2           34          7          0           43
        Total        14        207          6          0      227           1     164          17         0      182        21           243           12         0      276           4       105             37         0       146         649


     7:15 AM             6      47          1          0       54           0      48           3         0        51           3          58          4          0       65           1           25          8          0           34
     7:30 AM             2      61          3          0       66           0      43           2         0        45           7          60          4          0       71           1           35          12         0           48
     7:45 AM             2      62          2          0       66           0      49           8         0        57           6          72          3          0       81           2           34          7          0           43
     8:00 AM         12         65          4          0       81           1      61          12         0        74           6          65          4          0       75           1           52          5          0           58
        Total        22         48          10         0      267           1     201          25         0      227        22           255           15         0      292           5       146             32         0       183         742


     7:30 AM             2      61          3          0       66           0      43           2         0        45           7          60          4          0       71           1           35          12         0           48
     7:45 AM             2      62          2          0       66           0      49           8         0        57           6          72          3          0       81           2           34          7          0           43
     8:00 AM         12         65          4          0       81           1      61          12         0        74           6          65          4          0       75           1           52          5          0           58
     8:15 AM             5      71          4          0       80           1      63          11         0        75           8          79          5          0       92           3           50          11         0           64
        Total        21        259          13         0      293           2     216          33         0      251        27           276           16         0      319           7       171             35         0       213         825


     7:45 AM             2      62          2          0       66           0      49           8         0        57           6          72          3          0       81           2           34          7          0           43
     8:00 AM         12         65          4          0       81           1      61          12         0        74           6          65          4          0       75           1           52          5          0           58
     8:15 AM             5      71          4          0       80           1      63          11         0        75           8          79          5          0       92           3           50          11         0           64
     8:30 AM             7      64          2          0      73            0      59           9         0        68           7          60          0          0       67           3           44          4          0           51
        Total        26        262          12         0      300           2     232          40         0      274        27           276           12         0      315           9       180             27         0       216         831


     8:00 AM         12         65          4          0       81           1      61          12         0        74           6          65          4          0       75           1           52          5          0           58
     8:15 AM             5      71          4          0       80           1      63          11         0        75           8          79          5          0       92           3           50          11         0           64
     8:30 AM             7      64          2          0      73            0      59           9         0        68           7          60          0          0       67           3           44          4          0           51
     8:45 AM         10         65          2          0      77            5      57           5         0        67           8          53          4          0       65           3           55          10         0           68
        Total        34        265          12         0      311           7     240          37         0      284        29           257           13         0      299           10      201             30         0       241         851


AM PEAK HOUR: 8:00-9:00
INTERSECTION         N/S SEMINARY AVE.
                    E/W BANCROFT AVE.
DATE:           Wednesday, June 13th, 2007
Counted by sokari Frank
Prepared by sokari Frank
                                                                                   10     265                 12

                                                                                                                                BANCROFT AVE.
                                                              30                                                                 7

                                                             201                                                                    240

                                                              10                                                                    37


                                                                                   29    257     13
                                                                                        SEMINARY AVE.
